Distance  Bingo
1000      0         19
          1         57
          2         38
          3          4
1200      0         78
          1        196
          2        118
          3         20
1400      0         40
          1         81
          2         55
          3          9
1600      0         13
          1         46
          2         27
          3          3
1650      0         38
          1         99
          2         60
          3          2
1800      0         18
          1         56
          2         23
          3          2
2000      0          6
          1         11
          2          6
          3          2
2200      0          7
          1         10
          2          4
2400      0          1
          3          1


Bingo
0    220
1    556
2    331
3     43